NUMBER,BB,DRYSMC,F11,MAXSMC,REFSMC,SATPSI,SATDK,SATDW,WLTSMC,QTZ,TYPE
1,    11.55,    0.138,    -2.138,   0.468,   0.412,   0.468,  9.74E-7,  0.112E-4,   0.138,  0.25, 'CLAY'
2,    10.39,    0.126,    -1.916,   0.468,   0.404,   0.324,  1.34E-6,  0.964E-5,   0.126,  0.10, 'SILTY CLAY'
3,    10.73,    0.100,    -3.209,   0.406,   0.338,   0.098,  7.22E-6,  0.187E-4,   0.100,  0.52, 'SANDY CLAY'
4,     8.17,    0.103,    -1.297,   0.465,   0.382,   0.263,  2.45E-6,  0.113E-4,   0.103,  0.35, 'CLAY LOAM'
5,     8.72,    0.120,    -1.118,   0.464,   0.387,   0.617,  2.04E-6,  0.237E-4,   0.120,  0.10, 'SILTY CLAY LOAM'
6,     6.66,    0.067,    -1.491,   0.404,   0.314,   0.135,  4.45E-6,  0.990E-5,   0.067,  0.60, 'SANDY CLAY LOAM'
7,     5.25,    0.066,    -0.327,   0.439,   0.329,   0.355,  3.38E-6,  0.143E-4,   0.066,  0.40, 'LOAM'
8,     5.33,    0.084,     0.162,   0.476,   0.360,   0.759,  2.81E-6,  0.239E-4,   0.084,  0.25, 'SILT LOAM'
9,     4.72,    0.047,    -0.569,   0.407,   0.383,   0.141,  6.02E-6,  0.805E-5,   0.047,  0.68, 'SANDY LOAM'
10,    5.33,    0.084,     0.162,   0.476,   0.383,   0.759,  2.81E-6,  0.239E-4,   0.084,  0.10, 'SILT'
11,    3.93,    0.028,    -1.044,   0.416,   0.383,   0.036,  2.21E-5,  0.514E-5,   0.028,  0.77, 'LOAMY SAND'
12,    2.71,    0.010,    -0.472,   0.337,   0.236,   0.069,  2.78E-6,  0.608E-6,   0.010,  0.83, 'SAND'
13,    2.53,    0.055,    -1.044,   0.262,   0.211,   0.040,  1.19E-4,  0.509E-5,   0.073,  0.94, 'GRAVEL'
14,    2.51,    0.006,    -1.111,    0.138,    0.17,   0.069,  1.72E-4,  0.136E-3,   0.006,  0.1, 'BEDROCK'
15,    4.26,    0.028,    -1.044,   0.421,   0.283,   0.036,  1.41E-5,  0.514E-5,   0.028,  0.25, 'GLACIER(UNKNOWN)'
16,   11.55,    0.030,   -10.472,   0.468,   0.454,   0.468,  9.74E-7,  0.112E-4,   0.030,  0.60, 'LAKE(UNKNOWN)'
17,    5.25,    0.066,    -0.327,   0.439,   0.329,   0.355,  3.38E-6,  0.143E-4,   0.066,  0.05, 'ORGANIC MATERIAL'
18,   11.55,    0.030,   -10.472,   0.468,   0.454,   0.468,  9.74E-7,  0.112E-4,   0.030,  0.60, 'PLAYA'
19,    2.79,    0.006,    -0.472,   0.200,    0.17,   0.069,  1.41E-4,  0.136E-3,   0.006,  0.52, 'LAVA'